	 7284, 7498, 8279, 8316, 8422, 8430, 8512, 8535, 8580, 8720, 8768, 8987, 9318, 9419, 9450, 9537, 9567, 9719, 9756, 9838, 
	 5415, 5859, 7063, 7183, 7277, 7318, 7351, 7484, 7540, 7829, 7967, 8091, 8112, 8130, 8305, 8409, 8440, 8546, 8702, 8763, 
	 4677, 4837, 4859, 5020, 5140, 5215, 5254, 5648, 5755, 5795, 5800, 5825, 5870, 5959, 6055, 6121, 6272, 6320, 6419, 6446, 
	 7284, 7498, 8279, 8316, 8422, 8430, 8512, 8535, 8580, 8720, 8768, 8987, 9318, 9419, 9450, 9537, 9567, 9719, 9756, 9838, 
	 1184, 2678, 2799, 2849, 2859, 2880, 3054, 3423, 3500, 3742, 3758, 3777, 3872, 4024, 4033, 4222, 4473, 4543, 4757, 4825, 
	 2886, 3746, 4020, 4143, 4418, 4472, 4513, 4529, 4552, 4599, 4657, 4704, 4754, 4805, 4846, 4858, 4993, 5006, 5084, 5202, 
	 4684, 4841, 4867, 5015, 5149, 5203, 5269, 5640, 5760, 5784, 5822, 5842, 5867, 5973, 6072, 6108, 6274, 6312, 6423, 6441, 
	 5799, 5862, 6259, 6400, 6449, 6622, 6632, 6698, 6813, 6838, 6876, 6992, 7061, 7115, 7291, 7369, 7383, 7780, 7848, 8107, 
	 5415, 5859, 7063, 7183, 7277, 7318, 7351, 7484, 7540, 7829, 7967, 8091, 8112, 8130, 8305, 8409, 8440, 8546, 8702, 8763, 
	 4677, 4837, 4859, 5020, 5140, 5215, 5254, 5648, 5755, 5795, 5800, 5825, 5870, 5959, 6055, 6121, 6272, 6320, 6419, 6446, 
	 12109, 12414, 13152, 13363, 13508, 13834, 13964, 14031, 14222, 14237, 14276, 14308, 14360, 14575, 14789, 14812, 14990, 15069, 15087, 15316, 
	 9421, 9713, 10285, 10600, 10650, 10873, 10906, 10956, 11052, 11142, 11156, 11219, 11230, 11555, 11697, 11721, 11756, 11808, 11919, 12013, 
	 13828, 14923, 15053, 15223, 15307, 15334, 15420, 15523, 15608, 15803, 15879, 15938, 16066, 16134, 16281, 16301, 16455, 16574, 16638, 16698, 
	 10299, 10615, 11398, 11436, 11536, 11599, 11629, 11810, 11923, 12011, 12113, 12279, 12312, 12378, 12427, 12691, 12836, 12957, 13258, 13284, 
	 2882, 3731, 4010, 4125, 4412, 4463, 4519, 4546, 4569, 4591, 4654, 4720, 4771, 4801, 4836, 4861, 4978, 5012, 5095, 5200, 
	 4693, 4849, 4853, 5021, 5125, 5224, 5272, 5630, 5772, 5787, 5820, 5837, 5869, 5963, 6054, 6106, 6273, 6322, 6414, 6447, 
	 11546, 12795, 12946, 13273, 13289, 13304, 13355, 13398, 13513, 13596, 13619, 13646, 13693, 13751, 13787, 13839, 14083, 14223, 14249, 14306, 
	 12105, 12415, 13162, 13351, 13502, 13837, 13958, 14045, 14203, 14231, 14279, 14307, 14373, 14598, 14799, 14810, 14989, 15074, 15098, 15302, 
	 9404, 9724, 10298, 10617, 10671, 10870, 10918, 10968, 11055, 11144, 11168, 11209, 11243, 11553, 11683, 11712, 11763, 11815, 11904, 12006, 

 	 